5
112 180 0 360 
17 0 31 0 32 0 33 0 36 0 37 0 38 0 41 0 42 0 43 0 56 0 57 0 58 0 61 0 62 0 63 0 66 0 67 0 68 0 81 0 82 0 83 0 86 0 87 0 88 0 91 0 92 0 93 0 1 0 2 0 3 0 4 0 9 0 8 0 7 0 6 0 5 0 10 0 11 0 12 0 13 0 14 0 19 0 24 0 23 0 22 0 21 0 20 0 15 0 16 0 0 0 25 0 30 0 35 0 40 0 45 0 70 0 65 0 60 0 55 0 50 0 75 0 80 0 85 0 90 0 95 0 76 0 51 0 26 0 27 0 52 0 77 0 78 0 53 0 28 0 29 0 54 0 79 0 84 0 59 0 34 0 64 0 89 0 94 0 69 0 44 0 39 0 49 0 74 0 99 0 98 0 73 0 48 0 47 0 46 0 71 0 72 0 97 0 96 0 116 0 111 0 106 0 107 0 108 0 113 0 118 0 117 0 112 0 120 1 121 1 122 1 123 1 124 1 119 1 114 1 109 1 104 1 103 1 102 1 101 1 100 1 105 1 110 1 115 1 18 4 
72 2 12 5 60 1 52 3 64 0 112 4 
64 52
64 72
72 112
112 64
64 12
12 52
12 60
12 72
72 60
60 52
112 60
112 52
